日本
1,714,201
141

13,610
18,084
六六.四%
東京都
377,104
0

27,013
3,076
大阪府
201,606
44

22,849
3,020
神奈川縣
168,677
0

18,622
1,295
埼玉縣
115,480
0

15,736
1,022
愛知縣
106,330
0

14,078
1,152
千葉縣
100,172
0

15,956
1,015
兵庫縣
78,297
0

14,315
1,392
福岡縣
74,312
0

14,544
619
北海道
60,546
27

11,464
1,469
沖繩縣
50,088
0

34,374
362
京都府
35,847
0

13,733
289
靜岡縣
26,735
0

7,349
209
茨城縣
24,359
0

8,484
218
廣島縣
21,912
21

7,794
199
岐阜縣
18,664
7

9,372
217
群馬縣
16,712
0

8,625
175
宮城縣
16,299
0

7,069
118
奈良縣
15,534
0

11,752
150
栃木縣
15,422
0

7,934
116
岡山縣
15,212
6

7,979
136
三重縣
14,734
8

8,268
164
熊本縣
14,367
0

8,218
136
滋賀縣
12,357
0

8,764
102
福島縣
9,473
2

5,125
175
鹿兒島縣
9,092
2

5,683
67
長野縣
8,824
2

4,299
96
大分縣
8,192
0

7,210
84
新潟縣
7,972
0

3,579
61
石川縣
7,939
0

6,961
130
宮崎縣
6,136
4

5,718
41
長崎縣
6,060
2

4,612
73
青森縣
5,866
15

4,695
38
佐賀縣
5,820
0

7,192
29
山口縣
5,673
0

4,118
92
愛媛縣
5,300
0

3,949
82
和歌山縣
5,284
0

5,596
62
山梨縣
5,151
0

6,303
29
富山縣
4,852
0

4,645
51
香川縣
4,695
0

4,945
38
高知縣
4,132
0

5,439
32
